[bg3.jpg]
filters=autolight=1;Vignette=1,27.485380,1.508772,47.368423,00000000;Vignette=1,50.000000,1.400000,84.795319,ff63adc0;radblur=1,0.500000,0.500000,-1.000000,-1.000000;
moddate=9b243b7bb833d001
width=900
height=582
textactive=0
