[bg3.jpg]
filters=autolight=1;Vignette=1,50.000000,1.619883,53.216373,ff63adc0;Vignette=1,35.000000,1.400000,75.438599,00000000;Sixties=1,71.345032,00ffffff,0;Vignette=1,35.000000,1.400000,78.362572,00000000;
moddate=683b8c02be33d001
width=900
height=582
textactive=0
[bg2.jpg]
filters=autolight=1;Vignette=1,35.000000,1.400000,89.473686,00000000;dir_tint=1,0.500000,0.108753,1.000000,0.333333,ffffffff,2;radblur=1,0.506631,0.419098,0.111111,-0.356725;
rotate=rotate(2)
moddate=6b48d59ec033d001
width=1024
height=512
textactive=0
